1111010010100010101000010101000011111110000010000100100110100100111011
0110100101001011100000000100111100111001100001001000000110101011010110
1011010011001100000100101110100001101110010001001011001000010010001110
1110101100001001001010100101011111101001001000110010000111010011100010
1101101011111110011101111001011101001101110011010101110010111010110010
1001011101010101101011001101011111110001110000100000110000101100010110
0010000101001111000101000110000010010010110000000000101110111010011000
0110000000001110100001011011011001101101000101111111101000111111000100
0010111001110011101010100110010111100100010001011110011000011000010000
1011110100000011011000100100100010101010010001000111001011100111101100
1011110100011011100000111100000110001011010001111110001111010001001000
1110111001111100110110111000000111101101001111100111111011011001001110
0101010101110001110100011010100110110100011100011100101000010111100110
1001101110010101101001110010001101011110011011000100111100000111000111
1110000000110001001001100101010111111110101111010110100110010101010011
0011000010001101010100001001010011110001000110110100101011110101011011
0010100010101000011111010101100101111001011101101000101011111001101101
0001000111011110110101101000101111010101000001010000011101110011110100
0110110100011000101001010100111100011001000101111111010111100010011111
1001100100011010101101111010101001000010011010010100010111111010010001
0001010000101101010101001011010000100110001101000001101100000100110111
0101000000001100001101001101111101001001000010001111010100111001101001
1111100101110100110001010111100011000010100100011010011000010011011011
0010011000010001100110110101100000001100011010000010011001001000000001
0001011000010101110110010010011011001101110101010111110111101100000101
0101100110001111010011110100101111001001001101000101010010100010000100
0110011111000010101001001000000011000110010011100000110110111100100101
1001101001011100010111110010110100010111010000011000011011010000101100
0010000010110110101111010101000101111010000011001101100110010001000101
0000011100001100010101110110111111111001011001010000111110101110000100
0011000010111000011110001101001111011100111011111010011101010001100010
0111110001010111010100101010000010111111101110011000110011010111100000
1100010000010100000010111010010000001101110101101110101111110111101010
1010111000010110001101010110100101110000001011001111101110111101011111
1111100001101000010101101110001010110111001111110001111011011111100011
1010101111100010101100111001010110110000010011000100011111101110111011
0100001001001011110011000111111101101110010010101110110100001111110001
0001011110100010100101111001000110011110101100110000110010101110111000
1100000111101111110111001010011101100011111001010001111010011111101100
0110011011010101111110101000110100101000100110000101111011000111111010
1101001101000011001101000110100010100111011111001110110101111101011000
1111010011001111010000101100000111010001001110111110110000001000000010
0101010101101010110101000000010000011001111100110100100100110110111010
1111011101011111000110000100110101001111100010000011001011011001000111
0011111111100101101010011011101010101010101111001100111110011110000101
0111000000010100010101011011010001101110111001010001000110111110100011
0101110101100100110000110010110100111101011010101100111101010000011011
1101011110010010111101101000011101001110000001010110000100101000000100
1001000110000111011001001001101101011101101010100000100010001111100010
1011001101001111000001100001111010101111010011111111001111000100000111
